400.0 500.0 400.0 411.0
400.0 411.0 373.0 337.0
373.0 337.0 329.0 288.0
329.0 288.0 278.0 308.0
278.0 308.0 229.0 747.0
229.0 747.0 190.0 3698.0
190.0 3698.0 165.0 18409.0
165.0 18409.0 157.0 73348.0
157.0 73348.0 182.0 206770.0
157.0 73348.0 149.0 78251.0
165.0 18409.0 146.0 19884.0
146.0 19884.0 138.0 24787.0
146.0 19884.0 137.0 19971.0
190.0 3698.0 161.0 3961.0
161.0 3961.0 142.0 5436.0
142.0 5436.0 134.0 10339.0
142.0 5436.0 133.0 5523.0
161.0 3961.0 144.0 3967.0
144.0 3967.0 135.0 4054.0
144.0 3967.0 138.0 3960.0
229.0 747.0 195.0 760.0
195.0 760.0 166.0 1023.0
166.0 1023.0 147.0 2498.0
147.0 2498.0 139.0 7401.0
147.0 2498.0 138.0 2585.0
166.0 1023.0 149.0 1029.0
149.0 1029.0 140.0 1116.0
149.0 1029.0 143.0 1022.0
195.0 760.0 176.0 739.0
176.0 739.0 159.0 745.0
159.0 745.0 150.0 832.0
159.0 745.0 153.0 738.0
176.0 739.0 170.0 721.0
170.0 721.0 164.0 714.0
170.0 721.0 170.0 712.0
278.0 308.0 246.0 273.0
246.0 273.0 212.0 286.0
212.0 286.0 183.0 549.0
183.0 549.0 164.0 2024.0
164.0 2024.0 156.0 6927.0
164.0 2024.0 155.0 2111.0
183.0 549.0 166.0 555.0
166.0 555.0 157.0 642.0
166.0 555.0 160.0 548.0
212.0 286.0 193.0 265.0
193.0 265.0 176.0 271.0
176.0 271.0 167.0 358.0
176.0 271.0 170.0 264.0
193.0 265.0 187.0 247.0
187.0 247.0 181.0 240.0
187.0 247.0 187.0 238.0
246.0 273.0 233.0 236.0
233.0 236.0 214.0 215.0
214.0 215.0 197.0 221.0
197.0 221.0 188.0 308.0
197.0 221.0 191.0 214.0
214.0 215.0 208.0 197.0
208.0 197.0 202.0 190.0
208.0 197.0 208.0 188.0
233.0 236.0 233.0 207.0
233.0 207.0 227.0 189.0
227.0 189.0 221.0 182.0
227.0 189.0 227.0 180.0
233.0 207.0 239.0 189.0
239.0 189.0 239.0 180.0
239.0 189.0 245.0 182.0
329.0 288.0 309.0 232.0
309.0 232.0 277.0 197.0
277.0 197.0 243.0 210.0
243.0 210.0 214.0 473.0
214.0 473.0 195.0 1948.0
195.0 1948.0 187.0 6851.0
195.0 1948.0 186.0 2035.0
214.0 473.0 197.0 479.0
197.0 479.0 188.0 566.0
197.0 479.0 191.0 472.0
243.0 210.0 224.0 189.0
224.0 189.0 207.0 195.0
207.0 195.0 198.0 282.0
207.0 195.0 201.0 188.0
224.0 189.0 218.0 171.0
218.0 171.0 212.0 164.0
218.0 171.0 218.0 162.0
277.0 197.0 264.0 160.0
264.0 160.0 245.0 139.0
245.0 139.0 228.0 145.0
228.0 145.0 219.0 232.0
228.0 145.0 222.0 138.0
245.0 139.0 239.0 121.0
239.0 121.0 233.0 114.0
239.0 121.0 239.0 112.0
264.0 160.0 264.0 131.0
264.0 131.0 258.0 113.0
258.0 113.0 252.0 106.0
258.0 113.0 258.0 104.0
264.0 131.0 270.0 113.0
270.0 113.0 270.0 104.0
270.0 113.0 276.0 106.0
309.0 232.0 309.0 183.0
309.0 183.0 296.0 146.0
296.0 146.0 277.0 125.0
277.0 125.0 260.0 131.0
260.0 131.0 251.0 218.0
260.0 131.0 254.0 124.0
277.0 125.0 271.0 107.0
271.0 107.0 265.0 100.0
271.0 107.0 271.0 98.0
296.0 146.0 296.0 117.0
296.0 117.0 290.0 99.0
290.0 99.0 284.0 92.0
290.0 99.0 290.0 90.0
296.0 117.0 302.0 99.0
302.0 99.0 302.0 90.0
302.0 99.0 308.0 92.0
309.0 183.0 322.0 146.0
322.0 146.0 322.0 117.0
322.0 117.0 316.0 99.0
316.0 99.0 310.0 92.0
316.0 99.0 316.0 90.0
322.0 117.0 328.0 99.0
328.0 99.0 328.0 90.0
328.0 99.0 334.0 92.0
322.0 146.0 341.0 124.0
341.0 124.0 347.0 106.0
347.0 106.0 347.0 97.0
347.0 106.0 353.0 99.0
341.0 124.0 358.0 115.0
358.0 115.0 364.0 108.0
358.0 115.0 367.0 114.0
373.0 337.0 373.0 268.0
373.0 268.0 353.0 212.0
353.0 212.0 321.0 177.0
321.0 177.0 287.0 190.0
287.0 190.0 258.0 453.0
258.0 453.0 239.0 1928.0
239.0 1928.0 231.0 6831.0
239.0 1928.0 230.0 2015.0
258.0 453.0 241.0 459.0
241.0 459.0 232.0 546.0
241.0 459.0 235.0 452.0
287.0 190.0 268.0 169.0
268.0 169.0 251.0 175.0
251.0 175.0 242.0 262.0
251.0 175.0 245.0 168.0
268.0 169.0 262.0 151.0
262.0 151.0 256.0 144.0
262.0 151.0 262.0 142.0
321.0 177.0 308.0 140.0
308.0 140.0 289.0 119.0
289.0 119.0 272.0 125.0
272.0 125.0 263.0 212.0
272.0 125.0 266.0 118.0
289.0 119.0 283.0 101.0
283.0 101.0 277.0 94.0
283.0 101.0 283.0 92.0
308.0 140.0 308.0 111.0
308.0 111.0 302.0 93.0
302.0 93.0 296.0 86.0
302.0 93.0 302.0 84.0
308.0 111.0 314.0 93.0
314.0 93.0 314.0 84.0
314.0 93.0 320.0 86.0
353.0 212.0 353.0 163.0
353.0 163.0 340.0 126.0
340.0 126.0 321.0 105.0
321.0 105.0 304.0 111.0
304.0 111.0 295.0 198.0
304.0 111.0 298.0 104.0
321.0 105.0 315.0 87.0
315.0 87.0 309.0 80.0
315.0 87.0 315.0 78.0
340.0 126.0 340.0 97.0
340.0 97.0 334.0 79.0
334.0 79.0 328.0 72.0
334.0 79.0 334.0 70.0
340.0 97.0 346.0 79.0
346.0 79.0 346.0 70.0
346.0 79.0 352.0 72.0
353.0 163.0 366.0 126.0
366.0 126.0 366.0 97.0
366.0 97.0 360.0 79.0
360.0 79.0 354.0 72.0
360.0 79.0 360.0 70.0
366.0 97.0 372.0 79.0
372.0 79.0 372.0 70.0
372.0 79.0 378.0 72.0
366.0 126.0 385.0 104.0
385.0 104.0 391.0 86.0
391.0 86.0 391.0 77.0
391.0 86.0 397.0 79.0
385.0 104.0 402.0 95.0
402.0 95.0 408.0 88.0
402.0 95.0 411.0 94.0
373.0 268.0 393.0 212.0
393.0 212.0 393.0 163.0
393.0 163.0 380.0 126.0
380.0 126.0 361.0 105.0
361.0 105.0 344.0 111.0
344.0 111.0 335.0 198.0
344.0 111.0 338.0 104.0
361.0 105.0 355.0 87.0
355.0 87.0 349.0 80.0
355.0 87.0 355.0 78.0
380.0 126.0 380.0 97.0
380.0 97.0 374.0 79.0
374.0 79.0 368.0 72.0
374.0 79.0 374.0 70.0
380.0 97.0 386.0 79.0
386.0 79.0 386.0 70.0
386.0 79.0 392.0 72.0
393.0 163.0 406.0 126.0
406.0 126.0 406.0 97.0
406.0 97.0 400.0 79.0
400.0 79.0 394.0 72.0
400.0 79.0 400.0 70.0
406.0 97.0 412.0 79.0
412.0 79.0 412.0 70.0
412.0 79.0 418.0 72.0
406.0 126.0 425.0 104.0
425.0 104.0 431.0 86.0
431.0 86.0 431.0 77.0
431.0 86.0 437.0 79.0
425.0 104.0 442.0 95.0
442.0 95.0 448.0 88.0
442.0 95.0 451.0 94.0
393.0 212.0 425.0 174.0
425.0 174.0 438.0 137.0
438.0 137.0 438.0 108.0
438.0 108.0 432.0 90.0
432.0 90.0 426.0 83.0
432.0 90.0 432.0 81.0
438.0 108.0 444.0 90.0
444.0 90.0 444.0 81.0
444.0 90.0 450.0 83.0
438.0 137.0 457.0 115.0
457.0 115.0 463.0 97.0
463.0 97.0 463.0 88.0
463.0 97.0 469.0 90.0
457.0 115.0 474.0 106.0
474.0 106.0 480.0 99.0
474.0 106.0 483.0 105.0
425.0 174.0 459.0 155.0
459.0 155.0 478.0 133.0
478.0 133.0 484.0 115.0
484.0 115.0 484.0 106.0
484.0 115.0 490.0 108.0
478.0 133.0 495.0 124.0
495.0 124.0 501.0 117.0
495.0 124.0 504.0 123.0
459.0 155.0 488.0 150.0
488.0 150.0 505.0 141.0
505.0 141.0 511.0 134.0
505.0 141.0 514.0 140.0
488.0 150.0 507.0 153.0
507.0 153.0 516.0 152.0
507.0 153.0 515.0 157.0
400.0 411.0 427.0 336.0
427.0 336.0 427.0 267.0
427.0 267.0 407.0 211.0
407.0 211.0 375.0 176.0
375.0 176.0 341.0 189.0
341.0 189.0 312.0 452.0
312.0 452.0 293.0 1927.0
293.0 1927.0 285.0 6830.0
293.0 1927.0 284.0 2014.0
312.0 452.0 295.0 458.0
295.0 458.0 286.0 545.0
295.0 458.0 289.0 451.0
341.0 189.0 322.0 168.0
322.0 168.0 305.0 174.0
305.0 174.0 296.0 261.0
305.0 174.0 299.0 167.0
322.0 168.0 316.0 150.0
316.0 150.0 310.0 143.0
316.0 150.0 316.0 141.0
375.0 176.0 362.0 139.0
362.0 139.0 343.0 118.0
343.0 118.0 326.0 124.0
326.0 124.0 317.0 211.0
326.0 124.0 320.0 117.0
343.0 118.0 337.0 100.0
337.0 100.0 331.0 93.0
337.0 100.0 337.0 91.0
362.0 139.0 362.0 110.0
362.0 110.0 356.0 92.0
356.0 92.0 350.0 85.0
356.0 92.0 356.0 83.0
362.0 110.0 368.0 92.0
368.0 92.0 368.0 83.0
368.0 92.0 374.0 85.0
407.0 211.0 407.0 162.0
407.0 162.0 394.0 125.0
394.0 125.0 375.0 104.0
375.0 104.0 358.0 110.0
358.0 110.0 349.0 197.0
358.0 110.0 352.0 103.0
375.0 104.0 369.0 86.0
369.0 86.0 363.0 79.0
369.0 86.0 369.0 77.0
394.0 125.0 394.0 96.0
394.0 96.0 388.0 78.0
388.0 78.0 382.0 71.0
388.0 78.0 388.0 69.0
394.0 96.0 400.0 78.0
400.0 78.0 400.0 69.0
400.0 78.0 406.0 71.0
407.0 162.0 420.0 125.0
420.0 125.0 420.0 96.0
420.0 96.0 414.0 78.0
414.0 78.0 408.0 71.0
414.0 78.0 414.0 69.0
420.0 96.0 426.0 78.0
426.0 78.0 426.0 69.0
426.0 78.0 432.0 71.0
420.0 125.0 439.0 103.0
439.0 103.0 445.0 85.0
445.0 85.0 445.0 76.0
445.0 85.0 451.0 78.0
439.0 103.0 456.0 94.0
456.0 94.0 462.0 87.0
456.0 94.0 465.0 93.0
427.0 267.0 447.0 211.0
447.0 211.0 447.0 162.0
447.0 162.0 434.0 125.0
434.0 125.0 415.0 104.0
415.0 104.0 398.0 110.0
398.0 110.0 389.0 197.0
398.0 110.0 392.0 103.0
415.0 104.0 409.0 86.0
409.0 86.0 403.0 79.0
409.0 86.0 409.0 77.0
434.0 125.0 434.0 96.0
434.0 96.0 428.0 78.0
428.0 78.0 422.0 71.0
428.0 78.0 428.0 69.0
434.0 96.0 440.0 78.0
440.0 78.0 440.0 69.0
440.0 78.0 446.0 71.0
447.0 162.0 460.0 125.0
460.0 125.0 460.0 96.0
460.0 96.0 454.0 78.0
454.0 78.0 448.0 71.0
454.0 78.0 454.0 69.0
460.0 96.0 466.0 78.0
466.0 78.0 466.0 69.0
466.0 78.0 472.0 71.0
460.0 125.0 479.0 103.0
479.0 103.0 485.0 85.0
485.0 85.0 485.0 76.0
485.0 85.0 491.0 78.0
479.0 103.0 496.0 94.0
496.0 94.0 502.0 87.0
496.0 94.0 505.0 93.0
447.0 211.0 479.0 173.0
479.0 173.0 492.0 136.0
492.0 136.0 492.0 107.0
492.0 107.0 486.0 89.0
486.0 89.0 480.0 82.0
486.0 89.0 486.0 80.0
492.0 107.0 498.0 89.0
498.0 89.0 498.0 80.0
498.0 89.0 504.0 82.0
492.0 136.0 511.0 114.0
511.0 114.0 517.0 96.0
517.0 96.0 517.0 87.0
517.0 96.0 523.0 89.0
511.0 114.0 528.0 105.0
528.0 105.0 534.0 98.0
528.0 105.0 537.0 104.0
479.0 173.0 513.0 154.0
513.0 154.0 532.0 132.0
532.0 132.0 538.0 114.0
538.0 114.0 538.0 105.0
538.0 114.0 544.0 107.0
532.0 132.0 549.0 123.0
549.0 123.0 555.0 116.0
549.0 123.0 558.0 122.0
513.0 154.0 542.0 149.0
542.0 149.0 559.0 140.0
559.0 140.0 565.0 133.0
559.0 140.0 568.0 139.0
542.0 149.0 561.0 152.0
561.0 152.0 570.0 151.0
561.0 152.0 569.0 156.0
427.0 336.0 471.0 283.0
471.0 283.0 491.0 227.0
491.0 227.0 491.0 178.0
491.0 178.0 478.0 141.0
478.0 141.0 459.0 120.0
459.0 120.0 442.0 126.0
442.0 126.0 433.0 213.0
442.0 126.0 436.0 119.0
459.0 120.0 453.0 102.0
453.0 102.0 447.0 95.0
453.0 102.0 453.0 93.0
478.0 141.0 478.0 112.0
478.0 112.0 472.0 94.0
472.0 94.0 466.0 87.0
472.0 94.0 472.0 85.0
478.0 112.0 484.0 94.0
484.0 94.0 484.0 85.0
484.0 94.0 490.0 87.0
491.0 178.0 504.0 141.0
504.0 141.0 504.0 112.0
504.0 112.0 498.0 94.0
498.0 94.0 492.0 87.0
498.0 94.0 498.0 85.0
504.0 112.0 510.0 94.0
510.0 94.0 510.0 85.0
510.0 94.0 516.0 87.0
504.0 141.0 523.0 119.0
523.0 119.0 529.0 101.0
529.0 101.0 529.0 92.0
529.0 101.0 535.0 94.0
523.0 119.0 540.0 110.0
540.0 110.0 546.0 103.0
540.0 110.0 549.0 109.0
491.0 227.0 523.0 189.0
523.0 189.0 536.0 152.0
536.0 152.0 536.0 123.0
536.0 123.0 530.0 105.0
530.0 105.0 524.0 98.0
530.0 105.0 530.0 96.0
536.0 123.0 542.0 105.0
542.0 105.0 542.0 96.0
542.0 105.0 548.0 98.0
536.0 152.0 555.0 130.0
555.0 130.0 561.0 112.0
561.0 112.0 561.0 103.0
561.0 112.0 567.0 105.0
555.0 130.0 572.0 121.0
572.0 121.0 578.0 114.0
572.0 121.0 581.0 120.0
523.0 189.0 557.0 170.0
557.0 170.0 576.0 148.0
576.0 148.0 582.0 130.0
582.0 130.0 582.0 121.0
582.0 130.0 588.0 123.0
576.0 148.0 593.0 139.0
593.0 139.0 599.0 132.0
593.0 139.0 602.0 138.0
557.0 170.0 586.0 165.0
586.0 165.0 603.0 156.0
603.0 156.0 609.0 149.0
603.0 156.0 612.0 155.0
586.0 165.0 605.0 168.0
605.0 168.0 614.0 167.0
605.0 168.0 613.0 172.0
471.0 283.0 522.0 254.0
522.0 254.0 554.0 216.0
554.0 216.0 567.0 179.0
567.0 179.0 567.0 150.0
567.0 150.0 561.0 132.0
561.0 132.0 555.0 125.0
561.0 132.0 561.0 123.0
567.0 150.0 573.0 132.0
573.0 132.0 573.0 123.0
573.0 132.0 579.0 125.0
567.0 179.0 586.0 157.0
586.0 157.0 592.0 139.0
592.0 139.0 592.0 130.0
592.0 139.0 598.0 132.0
586.0 157.0 603.0 148.0
603.0 148.0 609.0 141.0
603.0 148.0 612.0 147.0
554.0 216.0 588.0 197.0
588.0 197.0 607.0 175.0
607.0 175.0 613.0 157.0
613.0 157.0 613.0 148.0
613.0 157.0 619.0 150.0
607.0 175.0 624.0 166.0
624.0 166.0 630.0 159.0
624.0 166.0 633.0 165.0
588.0 197.0 617.0 192.0
617.0 192.0 634.0 183.0
634.0 183.0 640.0 176.0
634.0 183.0 643.0 182.0
617.0 192.0 636.0 195.0
636.0 195.0 645.0 194.0
636.0 195.0 644.0 199.0
522.0 254.0 571.0 246.0
571.0 246.0 605.0 227.0
605.0 227.0 624.0 205.0
624.0 205.0 630.0 187.0
630.0 187.0 630.0 178.0
630.0 187.0 636.0 180.0
624.0 205.0 641.0 196.0
641.0 196.0 647.0 189.0
641.0 196.0 650.0 195.0
605.0 227.0 634.0 222.0
634.0 222.0 651.0 213.0
651.0 213.0 657.0 206.0
651.0 213.0 660.0 212.0
634.0 222.0 653.0 225.0
653.0 225.0 662.0 224.0
653.0 225.0 661.0 229.0
571.0 246.0 610.0 252.0
610.0 252.0 639.0 247.0
639.0 247.0 656.0 238.0
656.0 238.0 662.0 231.0
656.0 238.0 665.0 237.0
639.0 247.0 658.0 250.0
658.0 250.0 667.0 249.0
658.0 250.0 666.0 254.0
610.0 252.0 635.0 266.0
635.0 266.0 654.0 269.0
654.0 269.0 663.0 268.0
654.0 269.0 662.0 273.0
635.0 266.0 643.0 281.0
643.0 281.0 651.0 285.0
643.0 281.0 618.0 290.0
